bytes : 2227920.0
kilobytes : 2175.703125
megabytes : 2.1247100830078125
gigabytes : 0.002074912190437317
terabytes : 2.0262814359739423E-6
petabytes : 1.978790464818303E-9
exabytes : 1.932412563299124E-12
zettabytes : 1.887121643846801E-15
yottabytes : 1.8428922303191414E-18
